Previsões para SKU 98529:
            ds      yhat  yhat_lower  yhat_upper
364 2023-12-05 -0.306926   -0.693818    0.065115
365 2023-12-06 -0.419803   -0.756616   -0.028877
366 2023-12-07 -0.379099   -0.800843   -0.082361
367 2023-12-08 -0.395558   -0.792666   -0.068082
368 2023-12-09 -0.211360   -0.590786    0.162291
369 2023-12-10 -0.247141   -0.623853    0.124021
370 2023-12-11 -0.438510   -0.807178   -0.115927
371 2023-12-12 -0.323070   -0.712902    0.002237
372 2023-12-13 -0.435947   -0.824145   -0.069416
373 2023-12-14 -0.395243   -0.769011   -0.008568
374 2023-12-15 -0.411702   -0.820171   -0.073500
375 2023-12-16 -0.227504   -0.629261    0.135849
376 2023-12-17 -0.263285   -0.601208    0.098597
377 2023-12-18 -0.454654   -0.804954   -0.080096
378 2023-12-19 -0.339214   -0.728518    0.033184
379 2023-12-20 -0.452091   -0.822668   -0.114284
380 2023-12-21 -0.411387   -0.783160   -0.049539
381 2023-12-22 -0.427846   -0.798603   -0.070767
382 2023-12-23 -0.243648   -0.595847    0.099809
383 2023-12-24 -0.279429   -0.635090    0.091669

Previsões para SKU 2121276:
            ds      yhat  yhat_lower  yhat_upper
356 2023-12-05 -0.465854   -0.890983   -0.027703
357 2023-12-06 -0.593362   -1.054395   -0.197653
358 2023-12-07 -0.565588   -1.028713   -0.119125
359 2023-12-08 -0.682888   -1.119503   -0.213161
360 2023-12-09 -0.675908   -1.091987   -0.174738
361 2023-12-10 -0.464371   -0.923813    0.026799
362 2023-12-11 -0.673260   -1.089494   -0.224546
363 2023-12-12 -0.493020   -0.958430   -0.065692
364 2023-12-13 -0.620528   -1.106500   -0.200558
365 2023-12-14 -0.592754   -1.058680   -0.185316
366 2023-12-15 -0.710054   -1.167265   -0.256457
367 2023-12-16 -0.703074   -1.162994   -0.274522
368 2023-12-17 -0.491537   -0.964710   -0.044302
369 2023-12-18 -0.700426   -1.153721   -0.281292
370 2023-12-19 -0.520186   -0.955488   -0.048652
371 2023-12-20 -0.647694   -1.044122   -0.155014
372 2023-12-21 -0.619920   -1.085975   -0.208946
373 2023-12-22 -0.737220   -1.188630   -0.275258
374 2023-12-23 -0.730240   -1.198333   -0.310703
375 2023-12-24 -0.518703   -0.962376   -0.130484

Previsões para SKU 2513205:
            ds      yhat  yhat_lower  yhat_upper
359 2023-12-05 -0.784517   -1.298334   -0.263340
360 2023-12-06 -0.809515   -1.281723   -0.246789
361 2023-12-07 -0.783697   -1.250549   -0.296629
362 2023-12-08 -0.868052   -1.376018   -0.378535
363 2023-12-09 -0.877876   -1.391627   -0.342611
364 2023-12-10 -0.733308   -1.247248   -0.242413
365 2023-12-11 -0.868775   -1.386740   -0.363925
366 2023-12-12 -0.828432   -1.286014   -0.305634
367 2023-12-13 -0.853430   -1.319193   -0.312531
368 2023-12-14 -0.827612   -1.355189   -0.279167
369 2023-12-15 -0.911967   -1.412895   -0.395601
370 2023-12-16 -0.921791   -1.448058   -0.376319
371 2023-12-17 -0.777223   -1.289085   -0.248171
372 2023-12-18 -0.912690   -1.420722   -0.436114
373 2023-12-19 -0.872347   -1.372795   -0.363058
374 2023-12-20 -0.897345   -1.376822   -0.414851
375 2023-12-21 -0.871527   -1.353869   -0.378300
376 2023-12-22 -0.955882   -1.486186   -0.397834
377 2023-12-23 -0.965706   -1.459849   -0.449798
378 2023-12-24 -0.821138   -1.304880   -0.320509

Previsões para SKU 3097262:
            ds      yhat  yhat_lower  yhat_upper
360 2023-12-05 -0.406262   -0.783450    0.096100
361 2023-12-06 -0.484586   -0.936840   -0.091195
362 2023-12-07 -0.464276   -0.885618    0.014633
363 2023-12-08 -0.566533   -1.020084   -0.121038
364 2023-12-09 -0.532919   -0.982425   -0.098686
365 2023-12-10 -0.489627   -0.940489   -0.071158
366 2023-12-11 -0.563793   -0.973315   -0.117470
367 2023-12-12 -0.430639   -0.866730    0.032911
368 2023-12-13 -0.508963   -0.934365   -0.083274
369 2023-12-14 -0.488654   -0.908167   -0.048894
370 2023-12-15 -0.590910   -0.971115   -0.142975
371 2023-12-16 -0.557296   -0.993300   -0.119556
372 2023-12-17 -0.514005   -0.922374   -0.068377
373 2023-12-18 -0.588171   -1.032775   -0.178304
374 2023-12-19 -0.455016   -0.894647    0.002051
375 2023-12-20 -0.533340   -0.942129   -0.051172
376 2023-12-21 -0.513031   -0.908860   -0.081074
377 2023-12-22 -0.615287   -1.046953   -0.229793
378 2023-12-23 -0.581674   -1.016963   -0.174637
379 2023-12-24 -0.538382   -0.976357   -0.110802

Previsões para SKU 3097266:
            ds      yhat  yhat_lower  yhat_upper
361 2023-12-05 -0.818031   -1.206088   -0.388972
362 2023-12-06 -0.921209   -1.354648   -0.499820
363 2023-12-07 -1.067124   -1.497780   -0.709725
364 2023-12-08 -1.081773   -1.552628   -0.660061
365 2023-12-09 -0.973952   -1.396883   -0.544717
366 2023-12-10 -0.926621   -1.346224   -0.520949
367 2023-12-11 -1.002965   -1.436324   -0.544705
368 2023-12-12 -0.858462   -1.303743   -0.480512
369 2023-12-13 -0.961640   -1.432302   -0.550243
370 2023-12-14 -1.107554   -1.536321   -0.696811
371 2023-12-15 -1.122203   -1.571330   -0.722472
372 2023-12-16 -1.014382   -1.462818   -0.615558
373 2023-12-17 -0.967052   -1.398137   -0.571793
374 2023-12-18 -1.043395   -1.452323   -0.533701
375 2023-12-19 -0.898892   -1.355148   -0.510610
376 2023-12-20 -1.002070   -1.376535   -0.492173
377 2023-12-21 -1.147985   -1.588868   -0.733137
378 2023-12-22 -1.162634   -1.615986   -0.761287
379 2023-12-23 -1.054813   -1.505847   -0.651596
380 2023-12-24 -1.007482   -1.474979   -0.561902

Previsões para SKU 3293446:
            ds      yhat  yhat_lower  yhat_upper
359 2023-12-05 -0.163628   -0.601992    0.283389
360 2023-12-06 -0.272936   -0.705117    0.139903
361 2023-12-07 -0.276339   -0.747658    0.175362
362 2023-12-08 -0.245897   -0.653285    0.174450
363 2023-12-09 -0.219399   -0.641118    0.190567
364 2023-12-10 -0.208668   -0.626381    0.212136
365 2023-12-11 -0.348907   -0.784115    0.078531
366 2023-12-12 -0.176774   -0.583478    0.275489
367 2023-12-13 -0.286083   -0.740059    0.150353
368 2023-12-14 -0.289486   -0.733353    0.153967
369 2023-12-15 -0.259043   -0.774826    0.176616
370 2023-12-16 -0.232546   -0.650808    0.215025
371 2023-12-17 -0.221815   -0.664204    0.185539
372 2023-12-18 -0.362054   -0.826682    0.063416
373 2023-12-19 -0.189921   -0.574170    0.283536
374 2023-12-20 -0.299230   -0.666221    0.146527
375 2023-12-21 -0.302633   -0.762666    0.126336
376 2023-12-22 -0.272190   -0.664135    0.194344
377 2023-12-23 -0.245693   -0.705443    0.219619
378 2023-12-24 -0.234961   -0.666408    0.201587

Previsões para SKU 12480992:
            ds      yhat  yhat_lower  yhat_upper
362 2023-12-05 -0.172516   -0.519363    0.253869
363 2023-12-06 -0.282742   -0.696692    0.103991
364 2023-12-07 -0.220563   -0.612161    0.141374
365 2023-12-08 -0.145126   -0.524074    0.230026
366 2023-12-09 -0.263040   -0.687107    0.116787
367 2023-12-10 -0.130382   -0.554568    0.330141
368 2023-12-11 -0.240821   -0.650252    0.165042
369 2023-12-12 -0.170100   -0.564465    0.251382
370 2023-12-13 -0.280325   -0.671085    0.111148
371 2023-12-14 -0.218147   -0.560023    0.186170
372 2023-12-15 -0.142709   -0.535429    0.257787
373 2023-12-16 -0.260624   -0.685980    0.114512
374 2023-12-17 -0.127965   -0.527706    0.272155
375 2023-12-18 -0.238405   -0.655159    0.133983
376 2023-12-19 -0.167684   -0.584604    0.185231
377 2023-12-20 -0.277909   -0.678635    0.136205
378 2023-12-21 -0.215730   -0.624310    0.180349
379 2023-12-22 -0.140293   -0.528534    0.296911
380 2023-12-23 -0.258207   -0.708495    0.113405
381 2023-12-24 -0.125549   -0.515967    0.262213

Previsões para SKU 12481370:
            ds      yhat  yhat_lower  yhat_upper
364 2023-12-05 -0.689796   -1.154738   -0.138536
365 2023-12-06 -0.645939   -1.140820   -0.048932
366 2023-12-07 -0.783099   -1.314478   -0.280159
367 2023-12-08 -0.677727   -1.107325   -0.069095
368 2023-12-09 -0.602716   -1.145470   -0.141977
369 2023-12-10 -0.631795   -1.132575   -0.190571
370 2023-12-11 -0.733693   -1.260174   -0.258905
371 2023-12-12 -0.696026   -1.241401   -0.192973
372 2023-12-13 -0.652168   -1.156512   -0.095694
373 2023-12-14 -0.789329   -1.307712   -0.246839
374 2023-12-15 -0.683957   -1.154728   -0.193513
375 2023-12-16 -0.608945   -1.100429   -0.095570
376 2023-12-17 -0.638025   -1.169933   -0.094195
377 2023-12-18 -0.739922   -1.228696   -0.200730
378 2023-12-19 -0.702255   -1.156564   -0.160086
379 2023-12-20 -0.658398   -1.163538   -0.160764
380 2023-12-21 -0.795558   -1.337321   -0.296945
381 2023-12-22 -0.690186   -1.159422   -0.169107
382 2023-12-23 -0.615175   -1.178701   -0.125181
383 2023-12-24 -0.644254   -1.142622   -0.155229

Previsões para SKU 12481834:
            ds      yhat  yhat_lower  yhat_upper
362 2023-12-05 -0.248852   -0.745303    0.326350
363 2023-12-06 -0.259167   -0.768735    0.275649
364 2023-12-07 -0.297860   -0.889550    0.222414
365 2023-12-08 -0.309248   -0.842889    0.258852
366 2023-12-09 -0.122915   -0.641587    0.454518
367 2023-12-10 -0.126793   -0.676218    0.374469
368 2023-12-11 -0.406396   -0.893402    0.213282
369 2023-12-12 -0.254133   -0.743679    0.325926
370 2023-12-13 -0.264447   -0.844120    0.362756
371 2023-12-14 -0.303140   -0.862203    0.192090
372 2023-12-15 -0.314529   -0.863346    0.202158
373 2023-12-16 -0.128195   -0.650745    0.389187
374 2023-12-17 -0.132074   -0.683631    0.391710
375 2023-12-18 -0.411676   -0.871085    0.070907
376 2023-12-19 -0.259413   -0.851259    0.232171
377 2023-12-20 -0.269728   -0.856006    0.309577
378 2023-12-21 -0.308421   -0.823969    0.322777
379 2023-12-22 -0.319810   -0.929329    0.218773
380 2023-12-23 -0.133476   -0.754853    0.362863
381 2023-12-24 -0.137354   -0.695721    0.397791

Previsões para SKU 12481843:
            ds      yhat  yhat_lower  yhat_upper
358 2023-12-05 -0.569441   -0.933023   -0.178328
359 2023-12-06 -0.581580   -0.966992   -0.228891
360 2023-12-07 -0.681458   -1.058770   -0.268055
361 2023-12-08 -0.712454   -1.105127   -0.342627
362 2023-12-09 -0.615921   -1.006081   -0.249372
363 2023-12-10 -0.638808   -0.998423   -0.224290
364 2023-12-11 -0.703456   -1.133523   -0.380397
365 2023-12-12 -0.600256   -1.009599   -0.204062
366 2023-12-13 -0.612395   -1.002783   -0.230206
367 2023-12-14 -0.712273   -1.089721   -0.342990
368 2023-12-15 -0.743269   -1.097668   -0.338101
369 2023-12-16 -0.646736   -1.053725   -0.290719
370 2023-12-17 -0.669623   -1.031585   -0.291156
371 2023-12-18 -0.734271   -1.103509   -0.336579
372 2023-12-19 -0.631071   -1.027221   -0.231633
373 2023-12-20 -0.643210   -0.982198   -0.248087
374 2023-12-21 -0.743087   -1.126672   -0.364245
375 2023-12-22 -0.774084   -1.154151   -0.389329
376 2023-12-23 -0.677551   -1.103049   -0.314156
377 2023-12-24 -0.700438   -1.100276   -0.304103

Previsões para SKU 12481855:
            ds      yhat  yhat_lower  yhat_upper
365 2023-12-05 -0.282931   -0.824012    0.324171
366 2023-12-06 -0.248074   -0.781361    0.354505
367 2023-12-07 -0.238558   -0.794118    0.220425
368 2023-12-08 -0.232935   -0.743421    0.362128
369 2023-12-09 -0.142708   -0.684631    0.353141
370 2023-12-10 -0.111005   -0.668281    0.368243
371 2023-12-11 -0.324690   -0.843456    0.255954
372 2023-12-12 -0.285485   -0.824062    0.288399
373 2023-12-13 -0.250627   -0.774467    0.304734
374 2023-12-14 -0.241111   -0.701438    0.365836
375 2023-12-15 -0.235489   -0.840448    0.298244
376 2023-12-16 -0.145262   -0.683481    0.389032
377 2023-12-17 -0.113558   -0.591356    0.484304
378 2023-12-18 -0.327243   -0.902560    0.235509
379 2023-12-19 -0.288038   -0.819250    0.286898
380 2023-12-20 -0.253180   -0.832405    0.292797
381 2023-12-21 -0.243665   -0.815316    0.299238
382 2023-12-22 -0.238042   -0.792124    0.388418
383 2023-12-23 -0.147815   -0.736094    0.346511
384 2023-12-24 -0.116111   -0.705588    0.411317

Previsões para SKU 12482148:
            ds      yhat  yhat_lower  yhat_upper
364 2023-12-05 -0.396975   -0.955923    0.160828
365 2023-12-06 -0.435501   -1.008747    0.120879
366 2023-12-07 -0.513605   -1.061607    0.014208
367 2023-12-08 -0.635357   -1.177260   -0.113580
368 2023-12-09 -0.515949   -1.009864    0.115465
369 2023-12-10 -0.607533   -1.138366   -0.048870
370 2023-12-11 -0.620312   -1.229692   -0.118613
371 2023-12-12 -0.424167   -0.962506    0.116583
372 2023-12-13 -0.462693   -0.976569    0.076835
373 2023-12-14 -0.540797   -1.090280    0.049221
374 2023-12-15 -0.662550   -1.248878   -0.076288
375 2023-12-16 -0.543142   -1.115291    0.019923
376 2023-12-17 -0.634725   -1.174569   -0.058485
377 2023-12-18 -0.647505   -1.164848   -0.132559
378 2023-12-19 -0.451360   -0.976332    0.111060
379 2023-12-20 -0.489886   -0.997495    0.157549
380 2023-12-21 -0.567990   -1.183872   -0.037146
381 2023-12-22 -0.689742   -1.244048   -0.127382
382 2023-12-23 -0.570334   -1.058389   -0.002873
383 2023-12-24 -0.661918   -1.219676   -0.143031

Previsões para SKU 12482155:
            ds      yhat  yhat_lower  yhat_upper
355 2023-12-05 -0.291056   -0.809860    0.294164
356 2023-12-06 -0.224982   -0.717646    0.294759
357 2023-12-07 -0.245529   -0.798746    0.257774
358 2023-12-08 -0.431719   -0.954480    0.127061
359 2023-12-09 -0.298398   -0.807885    0.279115
360 2023-12-10 -0.271209   -0.763749    0.326893
361 2023-12-11 -0.300581   -0.843853    0.275562
362 2023-12-12 -0.292651   -0.854894    0.347650
363 2023-12-13 -0.226577   -0.743403    0.338054
364 2023-12-14 -0.247124   -0.790923    0.320883
365 2023-12-15 -0.433314   -0.913114    0.105397
366 2023-12-16 -0.299994   -0.853857    0.199842
367 2023-12-17 -0.272804   -0.837198    0.287026
368 2023-12-18 -0.302176   -0.842313    0.238874
369 2023-12-19 -0.294246   -0.829919    0.229077
370 2023-12-20 -0.228172   -0.776394    0.290106
371 2023-12-21 -0.248720   -0.782622    0.278074
372 2023-12-22 -0.434909   -1.062378    0.090967
373 2023-12-23 -0.301589   -0.790193    0.277463
374 2023-12-24 -0.274399   -0.808086    0.215003

Previsões para SKU 12482336:
            ds      yhat  yhat_lower  yhat_upper
333 2023-12-05 -0.594192   -1.202996   -0.032313
334 2023-12-06 -0.728103   -1.374738   -0.201585
335 2023-12-07 -0.617362   -1.169879    0.058887
336 2023-12-08 -0.731195   -1.279620   -0.117581
337 2023-12-09 -0.641737   -1.246043   -0.004676
338 2023-12-10 -0.569684   -1.207205    0.061166
339 2023-12-11 -0.794322   -1.397980   -0.169092
340 2023-12-12 -0.621574   -1.227166   -0.029681
341 2023-12-13 -0.755486   -1.298848   -0.208314
342 2023-12-14 -0.644745   -1.209491    0.012723
343 2023-12-15 -0.758577   -1.426569   -0.206800
344 2023-12-16 -0.669120   -1.205399   -0.055739
345 2023-12-17 -0.597067   -1.171779    0.018607
346 2023-12-18 -0.821705   -1.352044   -0.161288
347 2023-12-19 -0.648957   -1.286288   -0.079708
348 2023-12-20 -0.782869   -1.391316   -0.175884
349 2023-12-21 -0.672127   -1.201441   -0.061317
350 2023-12-22 -0.785960   -1.365981   -0.253617
351 2023-12-23 -0.696503   -1.290646   -0.095124
352 2023-12-24 -0.624449   -1.198894   -0.032845

